Username,Reputation,ID,Profile Link,Times Cleo Answered
Lucian,48582,93448,https://math.stackexchange.com/users/93448/lucian,1
Vladimir Reshetnikov,47382,19661,https://math.stackexchange.com/users/19661/vladimir-reshetnikov,4
Tunk-Fey,24979,123277,https://math.stackexchange.com/users/123277/tunk-fey,1
Anastasiya-Romanova 秀,19415,133248,https://math.stackexchange.com/users/133248/anastasiya-romanova-%e7%a7%80,1
Laila Podlesny,13245,76878,https://math.stackexchange.com/users/76878/laila-podlesny,6
user178256,5527,178256,https://math.stackexchange.com/users/178256/user178256,2
Oksana Gimmel,5342,75621,https://math.stackexchange.com/users/75621/oksana-gimmel,3
user1001001,5215,157130,https://math.stackexchange.com/users/157130/user1001001,1
Marty Colos,3330,77543,https://math.stackexchange.com/users/77543/marty-colos,2
Zakharia Stanley,2793,75613,https://math.stackexchange.com/users/75613/zakharia-stanley,1
X.C.,2602,79756,https://math.stackexchange.com/users/79756/x-c,4
Piotr Shatalin,2585,76458,https://math.stackexchange.com/users/76458/piotr-shatalin,3
OlegK,1928,79200,https://math.stackexchange.com/users/79200/olegk,3
Nik Z.,1881,20303,https://math.stackexchange.com/users/20303/nik-z,1
TauMu,1688,78970,https://math.stackexchange.com/users/78970/taumu,1
Liu Jin Tsai,1475,75956,https://math.stackexchange.com/users/75956/liu-jin-tsai,2
xuce1234,1330,182482,https://math.stackexchange.com/users/182482/xuce1234,1
Frida Mauer,1249,109267,https://math.stackexchange.com/users/109267/frida-mauer,1
YMJou,291,82030,https://math.stackexchange.com/users/82030/ymjou,1
